[fragata]
-31.737949101612152,-52.379722595214844
-31.736343179765832,-52.397403717041016
-31.74524839547345,-52.40495681762695
-31.762034588003683,-52.39431381225586
-31.77400201397002,-52.363243103027344
-31.75313098667425,-52.35414505004883

[centroporto]
-31.74918977495709,-52.35508918762207
-31.775023551791122,-52.370195388793945
-31.786332680887632,-52.34006881713867
-31.780568845963327,-52.313547134399414
-31.776045078330696,-52.30916976928711
-31.752985018861764,-52.32032775878906

[areallaranjal]
-31.777066593588494,-52.31071472167969
-31.738825047248472,-52.327537536621094
-31.733277251661814,-52.30058670043945
-31.748167951940502,-52.21818923950195
-31.782319922415542,-52.219390869140625

[tresvendas]
-31.745029425027738,-52.355003356933594
-31.74349661741055,-52.297067642211914
-31.682893911428213,-52.306251525878906
-31.684792910306076,-52.34478950500488
-31.70750484650856,-52.36556053161621